1 0 125 200 90
1 0 125 600 90
1 0 125 1000 90
1 0 125 1400 90
1 0 125 1800 90
1 2000 125 200 90
1 2000 125 600 90
1 2000 125 1000 90
1 2000 125 1400 90
1 2000 125 1800 90
1 200 125 0 0
1 600 125 0 0
1 1000 125 0 0
1 1400 125 0 0
1 1800 125 0 0
1 200 125 2000 0
1 600 125 2000 0
1 1000 125 2000 0
1 1400 125 2000 0
1 1800 125 2000 0
1 534 100 237 90
1 534 100 636 90
1 534 100 1032 90
1 534 100 1434 90
1 947 100 1840 45
1 1221 100 1559 45
1 1531 100 1433 0
1 770 100 1082 0
2 261 50 268 0
3 789 85 275 -90
3 786 85 1322 -90
3 1761 85 264 -180
3 1633 85 1776 45
4 0 0 0 0